0.9972358061726768
0.9963804222992806
0.9972358061726768
0.9966914709805156
0.9955250384258844
0.9961471357883543
1.0022903472427453
0.9958360871071193
0.9956028005961931
0.9957583249368106
0.9980134278757643
0.9991020982600867
0.9956805627665019
0.9979356657054556
0.9970802818320593
0.9963026601289718
0.9945141302118706
0.9950584654040319
0.9953695140852669
0.9982467143866905
0.9967692331508243
0.9959138492774281
0.9950584654040319
0.9943586058712531
0.9970802818320593
0.9974690926836031
0.9959916114477368
0.9994131469413217
0.9962248979586631
0.9959138492774281
0.9985577630679255
0.998091190046073
0.9949807032337231
0.9961471357883543
1.0008128660068791
0.9963804222992806
0.9953695140852669
0.9953695140852669
0.9956028005961931
0.9966137088102068
0.9959138492774281
0.9978579035351468
0.9949029410634144
0.9956028005961931
0.9943586058712531
0.9984800008976168
0.9960693736180456
0.9970802818320593
0.9973135683429856
0.9952917519149581
0.9957583249368106
0.9963804222992806
0.9962248979586631
0.9963026601289718
0.9956028005961931
0.9956028005961931
0.9960693736180456
0.9972358061726768
0.9971580440023681
0.9963026601289718
0.9952917519149581
0.9994131469413217
0.9952139897446494
0.9956805627665019
0.9970025196617506
0.9959916114477368
0.9961471357883543
0.9948251788931056
0.998402238727308
0.9952917519149581
0.9965359466398981
0.9963026601289718
0.9956805627665019
0.9945141302118706
0.9951362275743406
0.9959916114477368
0.9977801413648381
0.9956028005961931
0.9983244765569993
0.9956805627665019
0.9949807032337231
0.9952139897446494
0.9961471357883543
0.9957583249368106
0.9973913305132943
0.9967692331508243
0.9961471357883543
0.9954472762555756
0.9962248979586631
0.9969247574914418
0.9976246170242206
0.9957583249368106
0.9973913305132943
0.9964581844695893
0.9952917519149581
0.9962248979586631
0.998091190046073
0.9949029410634144
0.9958360871071193
0.9958360871071193
