Accuracy of train is 0.6117435290588177
Accuracy of test is 0.6118611861186118
[[862   2  36  86   0   2   7   0   5   0]
 [  3 932  23  42   0   0   0   0   0   0]
 [ 28   3 860  24   0   1   9   0  75   0]
 [ 63  17  24 869   0   1  18   0   8   0]
 [  9   9 589 115   5   1  35   0 237   0]
 [  1   1   4   1   0 572   0 179   0 242]
 [294   5 403  62   0   0  28   0 208   0]
 [  0   0   0   0   0  38   0 867   0  95]
 [ 23   3 699  24   0  35  26   8 176   6]
 [  1   0   0   1   0   8   0  41   1 947]]
Accuracy of train is 0.7503291721528692
Accuracy of test is 0.7434743474347435
[[831   4  42  86   4   5   4   0  23   1]
 [  6 935  15  39   3   0   0   0   2   0]
 [ 23   5 698  16 221   7   9   0  20   1]
 [ 63  24  28 858  12   1   4   0  10   0]
 [  7   1 279 125 563   7   4   0  10   4]
 [  0   1   0   0   1 795   0 113  13  77]
 [270   4 394  78 181  14  14   0  41   4]
 [  0   0   0   0   0  38   0 859   2 101]
 [  3   1  27   5   1   4   0   9 947   3]
 [  0   0   0   0   0  15   0  48   2 934]]
Accuracy of train is 0.7502625043750729
Accuracy of test is 0.746074607460746
[[814  10  14  90  21   5  10   0  35   1]
 [  6 929  17  43   3   0   0   0   2   0]
 [ 22   2 769  16 161   5   5   0  20   0]
 [ 52  12   7 870  42   2   5   0   9   1]
 [  0   7 396  85 486   5   3   0  17   1]
 [  0   0   0   2   0 835   0  82  11  70]
 [262   4 225  56 378  10   5   0  59   1]
 [  0   0   0   0   0  38   0 854   0 108]
 [  0   1  12   9  17   4   0   5 950   2]
 [  0   0   0   0   0  13   0  37   1 948]]
Accuracy of train is 0.7833463891064851
Accuracy of test is 0.7738773877387739
[[813   4  18  92  14   6  25   0  28   0]
 [  3 937  13  37   7   0   1   0   2   0]
 [ 28   4 639  13 267   2  25   0  22   0]
 [ 42  16   9 854  30   3  39   0   7   0]
 [  2   5 110  55 800   2  18   0   8   0]
 [  1   0   0   2   0 848   0  79  13  57]
 [244   4 157  66 379   7  96   0  47   0]
 [  0   0   0   0   0  39   0 867   1  93]
 [  4   1  16  13   2   7   3   6 947   1]
 [  0   0   0   0   0  13   0  48   1 937]]
Accuracy of train is 0.8023967066117769
Accuracy of test is 0.788978897889789
[[804   7  17  78  11   6  48   0  28   1]
 [  5 928  13  43   9   0   0   0   2   0]
 [ 20   3 647  12 228   4  59   0  27   0]
 [ 36  15  12 852  44   3  29   0   8   1]
 [  0   5  93  51 808   4  31   0   8   0]
 [  0   0   0   3   0 843   0  83  11  60]
 [222   4 139  63 258  12 251   0  51   0]
 [  0   0   0   0   0  41   0 861   0  98]
 [  3   1  12   8   3   7  10   3 951   2]
 [  0   0   0   0   0  13   0  41   1 944]]
