Accuracy of train is 0.4698578309638494
Accuracy of test is 0.46844684468446846
[[515 238   9   0 193   1   0   0  41   3]
 [ 11 964   0   0  23   0   0   0   2   0]
 [ 16  18  34   0 870   0   0   0  60   2]
 [ 87 858   5   1  40   0   0   0   9   0]
 [ 64  72  27   0 800   0   0   0  36   1]
 [  0   7   0   8   0 434   0   0 166 385]
 [159 103  30   0 600   1   1   0 106   0]
 [  0  18   0 189   0 172   0   3 347 271]
 [  2  10   0   8  31   1   0   0 944   4]
 [  0   0   0   1   0   9   0   0   1 988]]
Accuracy of train is 0.7200953349222488
Accuracy of test is 0.7116711671167116
[[796  10  17 125  14   3   1   0  33   1]
 [  6 915  14  50  13   0   0   0   2   0]
 [ 62   2 507  12 391   1   0   0  24   1]
 [ 43  26  13 875  33   1   0   0   9   0]
 [  2   6 173  95 712   0   0   0  11   1]
 [  0   1   0   0   0 548   0 253  21 177]
 [249   7 206  95 380   3   2   0  58   0]
 [  0   0   0   0   0  20   0 873   1 106]
 [  7   1  17  16   3   1   0   8 945   2]
 [  0   0   0   0   1  10   0  41   4 943]]
Accuracy of train is 0.7407290121502025
Accuracy of test is 0.7333733373337333
[[823   8  12 107   5   1   8   0  34   2]
 [  5 922  17  46   8   0   0   0   2   0]
 [ 41   1 586  15 311   0   3   0  42   1]
 [ 50  13  10 872  27   0  14   0  14   0]
 [  2   7 151  87 730   0   3   0  20   0]
 [  1   0   0   3   0 617   0 255  16 108]
 [265   4 139  77 423   2  25   0  65   0]
 [  0   0   0   0   0  17   0 857   1 125]
 [  5   1  18  17   4   1   1   5 945   3]
 [  0   0   0   0   0   4   0  39   0 956]]
Accuracy of train is 0.7572959549325822
Accuracy of test is 0.7433743374337434
[[798  13  16 105  12   5  23   0  28   0]
 [  8 921  21  43   5   0   0   0   2   0]
 [ 30   2 636  15 258   3  30   0  26   0]
 [ 48  18  14 850  45   1  18   0   6   0]
 [  2   4 180  73 720   2   7   0  12   0]
 [  1   1   0   2   0 699   0 193  20  84]
 [246   6 235  72 293  10  80   0  58   0]
 [  0   0   0   0   0  33   0 850   0 117]
 [  2   1  18  19   5   4   7  13 929   2]
 [  0   0   0   0   0   6   0  42   1 950]]
Accuracy of train is 0.7562959382656378
Accuracy of test is 0.7425742574257426
[[810  10  15 106   8   5  18   0  27   1]
 [ 10 920  15  43  10   0   0   0   2   0]
 [ 20   3 650  15 251   2  29   0  30   0]
 [ 66  15  11 850  32   2  18   0   6   0]
 [  2   7 195  80 680   0  17   0  19   0]
 [  1   0   0   3   0 643   0 243  15  95]
 [251   4 221  75 276   1 112   0  60   0]
 [  0   0   0   0   0  19   0 867   1 113]
 [  2   2  13  15   1   6  10   8 942   1]
 [  0   0   0   0   0   3   0  44   1 951]]
