Accuracy of train is 0.8641644027400457
Accuracy of test is 0.8402840284028403
[[762   2  17  76   5   4 121   0  13   0]
 [  4 954   4  28   7   0   1   0   2   0]
 [ 11   2 740  18 139   1  78   0  10   1]
 [ 19  10  12 884  33   1  37   0   3   1]
 [  0   2 102  42 766   4  77   0   7   0]
 [  0   0   0   3   0 926   0  39   3  29]
 [120   4 104  56  96   2 589   0  29   0]
 [  0   0   0   0   0  40   0 895   0  65]
 [  0   2  15   7   4   2  25   5 937   3]
 [  0   0   0   0   0  13   0  36   1 949]]
Accuracy of train is 0.70981183019717
Accuracy of test is 0.7075707570757076
[[802   8  14 116   7  20   4   0  28   1]
 [ 15 919   8  39  16   0   0   0   3   0]
 [ 46   1 528  19 321  19  17   0  49   0]
 [ 72  28  11 848  19   6   8   0   8   0]
 [  5   5 143 102 699  16   4   0  26   0]
 [  0   0   0   3   0 531   0 280  14 172]
 [262   2 226  83 279  51  27   0  70   0]
 [  0   0   0   0   0  26   0 862   0 112]
 [  5   2  12  24   3  22   1  13 915   3]
 [  0   0   0   0   0   7   0  47   1 944]]
