[-12925.77278568 -20909.09832074  -8313.39114526 -19462.6217358
  -9657.13037047 -17879.90820492  -6477.70091976 -23074.79670301
 -11110.96480862 -22074.19202112]
[-25812.81139755 -32192.81186689 -31917.33516921 -28556.08435742
 -25580.19246484 -33870.96830162 -23881.13875115 -43526.9830443
 -16710.38696809 -39971.46117504]
[-18372.00942602   -209.10472407 -30374.84074912 -30274.9170112
 -28287.05323763 -36554.05174602 -25166.35374145 -45381.4453634
  88970.8422069  -41739.49788442]
[-12038.04174252  24034.4560952  -22351.5764046  -37135.84616175
 -35133.94538738 -41603.37591862 -22141.75624357 -44278.47328705
 418283.63405552 -42372.99567301]
[ -16646.05896255    8226.45901215  -20606.73096842  -35020.71824689
  -37785.04834117  -44965.48943568  -18767.23465893  -43139.09682683
 1243423.03966742  -43273.89582351]
[ -20342.20059701    2827.50927014  -24859.72400445  -27854.10510454
  -35121.69486271  -45266.00412697  -12121.35873862  -42161.21672117
 2499936.70427032  -43497.7773754 ]
[ -17449.82072725    7291.14848227  -24799.52419662  -18794.78953684
  -28413.70417637  -44671.80670033    3231.71917414  -41588.26225709
 3096915.80308629  -43360.78585191]
[ -11176.57015549   14990.54647718  -21363.99778859   -9925.66272665
  -18583.35414161  -44059.19298109   29005.62231626  -41407.09659011
 2977657.95574454  -43116.2272093 ]
[  -4650.37808361   24867.48825028  -18391.59650032   -3651.26066269
   -8075.91248639  -43592.90640072   66696.4349675   -41427.52913635
 2550189.6542975   -43234.55622636]
[ 1.04044159e+03  3.54467822e+04 -1.64535233e+04 -1.43010694e+01
  1.43797913e+03 -4.32462578e+04  1.14903645e+05 -4.14968756e+04
  2.09376985e+06 -4.36860776e+04]
Accuracy of train is 0.8502475041250688
Accuracy of test is 0.8301830183018302
