Accuracy of train is 0.6505108418473641
Accuracy of test is 0.6528652865286528
[[858   9   6  93   2   0   1   0  30   1]
 [  2 941   4  39   6   0   0   0   2   6]
 [ 93   7 299  23 510   0  10   0  56   2]
 [ 74  18   7 882   5   0   0   1  12   1]
 [ 29  11  82 124 727   0   3   0  22   2]
 [  2   2   0   1   0   1   0 235 468 291]
 [337   7 170  61 305   0  14   0 103   3]
 [  0   0   0   0   0   0   0 929  10  61]
 [  9   1   0  12   4   0   0  11 961   2]
 [  0   1   0   0   0   0   0  77   5 916]]
Accuracy of train is 0.7447790796513275
Accuracy of test is 0.7358735873587359
[[782  13  31 117  11   2  16   1  27   0]
 [  5 941  14  35   3   0   0   0   2   0]
 [ 18   2 779  18 149   0   7   0  26   1]
 [ 66  17  22 846  39   0   3   0   6   1]
 [  0   3 393 103 484   2   1   0  14   0]
 [  1   0   0   1   0 766   0 137  13  82]
 [233   2 428  96 179   0  16   0  46   0]
 [  0   0   0   0   0  33   0 870   1  96]
 [  2   1  22  11   6   7   6   5 936   4]
 [  0   0   0   0   0  10   0  49   2 938]]
Accuracy of train is 0.8030133835563926
Accuracy of test is 0.7903790379037904
[[830   3  16  76   9   6  34   0  26   0]
 [  7 930  13  41   7   0   0   0   2   0]
 [ 21   2 688  15 209   3  40   0  21   1]
 [ 47  14  12 850  31   3  36   0   6   1]
 [  0   4 138  50 748   4  44   0  12   0]
 [  1   0   0   2   0 792   0 124  12  69]
 [246   4 147  53 197   9 303   0  41   0]
 [  0   0   0   0   0  31   0 880   0  89]
 [  3   1  18  13   4   7   6   5 942   1]
 [  0   0   0   0   0  11   0  47   1 940]]
Accuracy of train is 0.8017133618893648
Accuracy of test is 0.7891789178917892
[[833  10  12  82   5   5  31   0  22   0]
 [  5 938  14  34   7   0   0   0   2   0]
 [ 27   4 683  10 203   5  50   0  18   0]
 [ 56  19   8 842  29   2  37   0   6   1]
 [  1   7 137  54 756   5  32   0   8   0]
 [  0   0   0   2   0 841   0  93  11  53]
 [270   5 174  46 218  10 235   0  42   0]
 [  0   0   0   0   0  33   0 879   0  88]
 [  3   1  21  12   4   6   4   5 943   1]
 [  0   0   0   0   0  13   0  44   1 941]]
Accuracy of train is 0.8041467357789297
Accuracy of test is 0.7916791679167917
[[831  10  14  75   6   8  35   0  21   0]
 [  6 933  12  37  10   0   0   0   2   0]
 [ 29   3 659  11 205   4  74   0  15   0]
 [ 46  17  11 853  32   3  33   0   5   0]
 [  0   5 122  43 766   4  51   0   9   0]
 [  0   0   0   2   0 812   0 111  14  61]
 [262   4 153  46 181  13 303   0  38   0]
 [  0   0   0   0   0  28   0 881   0  91]
 [  4   1  12  11   3   6  13   8 940   2]
 [  0   0   0   0   0  13   0  47   1 938]]
