Accuracy of train is 0.3889731495524925
Accuracy of test is 0.39093909390939097
[[  1 765  58 160   9   0   0   4   0   3]
 [  0 247  16 737   0   0   0   0   0   0]
 [  1 144 817   9  23   0   0   0   0   6]
 [  1 139  12 847   1   0   0   0   0   0]
 [  1 322 590  43  37   0   0   0   0   7]
 [  0   0   0   4   0 263   0 653   0  80]
 [  2 396 417  89  83   0   0   2   0  11]
 [  0   0   0   0   0  10   0 975   0  15]
 [ 11  60 609  72  21   3   0 137   0  87]
 [  0   0   1   3   1 114   0 158   0 722]]
Accuracy of train is 0.736128935482258
Accuracy of test is 0.7287728772877288
[[848   5  19  82  13   4   5   1  23   0]
 [  9 918  13  40  17   0   1   0   2   0]
 [ 38   1 673   9 243   1   7   0  28   0]
 [107  22   8 802  40   2  10   0   8   1]
 [ 10  11 292  54 604   0  13   0  16   0]
 [  0   0   0   3   0 706   0 179  11 101]
 [311   4 225  40 354   4  14   0  48   0]
 [  0   0   0   0   0  29   0 856   0 115]
 [  8   1  19  28   3   6   0  14 919   2]
 [  0   0   0   1   0   6   0  44   1 947]]
Accuracy of train is 0.689144819080318
Accuracy of test is 0.688068806880688
[[808  14  13 104   2   1  18   1  38   1]
 [  9 924  13  44   8   0   0   0   2   0]
 [ 58   3 434  18 423   0  23   0  40   1]
 [ 50  17   7 873   8   0  30   0  14   1]
 [  2  10  53  97 796   0  24   0  17   1]
 [  1   1   0   2   0 238   0 362  36 360]
 [269   7 105  69 438   0  40   0  72   0]
 [  0   0   0   0   0   4   0 881   0 115]
 [  3   1  17  22   3   0   2  17 932   3]
 [  1   0   0   0   0   1   0  39   4 954]]
Accuracy of train is 0.7468124468741145
Accuracy of test is 0.7411741174117412
[[811  15  16  97   9   3  20   0  28   1]
 [ 10 925  15  41   7   0   0   0   2   0]
 [ 36   2 676  16 219   0  24   0  26   1]
 [ 51  18  11 856  40   0  18   0   6   0]
 [  1   9 279  73 609   0  13   0  15   1]
 [  1   0   0   2   0 667   0 200  14 116]
 [253   8 232  73 271   3 106   0  54   0]
 [  0   0   0   0   0  23   0 868   0 109]
 [  3   2  18  13   6   4   1  10 941   2]
 [  0   0   0   0   0   2   0  44   1 952]]
Accuracy of train is 0.7530125502091701
Accuracy of test is 0.7474747474747475
[[827  11  19  80  12   9  14   0  28   0]
 [ 11 919  16  42  10   0   0   0   2   0]
 [ 26   2 715  12 201   2  19   0  23   0]
 [ 68  19  12 839  37   2  16   0   6   1]
 [  4   5 239  75 644   4  15   0  14   0]
 [  0   0   0   1   0 700   0 178  13 108]
 [262   5 254  67 263  13  86   0  50   0]
 [  0   0   0   0   0  26   0 868   0 106]
 [ 12   1  15  13   5  10   2  10 931   1]
 [  0   0   0   1   0   5   0  47   1 945]]
