Accuracy of train is 0.8602643377389623
Accuracy of test is 0.8401840184018402
[[807   6  24  52   6   3  84   0  18   0]
 [  4 952   8  26   8   0   0   0   2   0]
 [ 16   3 801   9 111   0  48   0  12   0]
 [ 30  14  13 875  29   0  34   0   5   0]
 [  0   3 146  46 714   3  79   0   9   0]
 [  0   0   0   1   0 906   0  54   7  32]
 [156   2 136  48  88   1 536   0  33   0]
 [  0   0   0   0   0  30   0 912   0  58]
 [  0   1  22   5   4   3   8   5 950   2]
 [  0   0   0   0   0   8   0  42   1 948]]
Accuracy of train is 0.7014950249170819
Accuracy of test is 0.695969596959696
[[827  10  10 103   7  14   2   1  25   1]
 [ 18 913  14  44   9   1   0   0   1   0]
 [ 53   2 593  17 263  10   7   0  55   0]
 [ 82  18   6 853  27   3   4   0   7   0]
 [ 10  10 261 106 577   8   4   0  24   0]
 [  0   0   0   3   0 423   0 353  14 207]
 [279   3 256  71 257  29  23   0  82   0]
 [  0   0   0   0   0   9   0 885   0 106]
 [ 10   2  10  25   3  15   0  13 920   2]
 [  0   0   0   2   0   2   0  49   1 945]]
