[-13075.90455602 -18889.93251743 -11602.81987149 -14812.76527358
 -12348.54869188 -20639.71109747  -9200.80060349 -28200.4815969
 -11533.275316   -24465.78775529]
[-25601.18404679 -29836.92798274 -33065.8657202  -30356.1446761
 -28730.43608738 -33909.00274304 -23110.64484678 -44650.6385023
 -11436.82436185 -43178.47163363]
[-14992.05241932 -13058.34927376 -28713.18470369 -31393.89657962
 -31160.55211852 -38237.92819533 -24055.91819695 -43740.97546783
  90057.93589089 -29658.04213625]
[ -5930.1866858    5670.81806861 -22865.90651448 -27550.84499647
 -32682.84105008 -42381.18075028 -21575.3248291  -41424.91242063
 319771.07512834   4053.55003929]
[ -2867.97932904  74942.86990125 -17401.50463831 -25121.68218071
 -33714.88897592 -42479.32402636 -18246.70089429 -36524.41202755
 848595.12524829  35254.86211725]
[-1.49509141e+02  1.67825921e+05 -7.10703211e+03 -2.55920854e+04
 -3.15782656e+04 -4.10116224e+04 -1.02371471e+04 -3.43380037e+04
  1.70516892e+06  4.73651625e+04]
[   3109.18607185  235754.88008936    7576.02066894  -27675.86016951
  -28196.56900709  -39710.37681078    5093.75708923  -35988.43623264
 2552836.55724522   53434.77067421]
[   4022.6736096   250145.74754252   25801.60262893  -29835.34184152
  -24799.06402463  -38705.18201102   31117.75453655  -38010.15680896
 2887728.30499774   53006.01860636]
[ 1.04653222e+03  2.27065121e+05  4.12311102e+04 -3.15440646e+04
 -2.23871139e+04 -3.81739991e+04  7.53387037e+04 -3.94764629e+04
  2.69401131e+06  4.54941050e+04]
[  -2981.95452265  193394.39766876   44929.13579074  -32532.52338806
  -20843.7040463   -38248.93004245  155107.80895666  -40427.56017321
 2222416.8145896    33876.42976545]
Accuracy of train is 0.8370306171769529
Accuracy of test is 0.8113811381138114
