0.9973430026755555
0.9964875268538365
0.9973430026755555
0.9967986089708252
0.9956320510321174
0.9962542152660949
1.0023980870766227
0.9959431331491061
0.9957098215613646
0.9958653626198589
0.9981207079680273
0.9992094953774879
0.9957875920906117
0.9980429374387801
0.9971874616170612
0.9964097563245893
0.994621034151904
0.9951654278566343
0.995476509973623
0.998354019555769
0.9968763795000724
0.9960209036783533
0.9951654278566343
0.9944654930934096
0.9971874616170612
0.9975763142632971
0.9960986742076005
0.9995205774944768
0.9963319857953421
0.9960209036783533
0.9986651016727577
0.9981984784972745
0.9950876573273871
0.9962542152660949
1.000920447020926
0.9964875268538365
0.995476509973623
0.995476509973623
0.9957098215613646
0.996720838441578
0.9960209036783533
0.997965166909533
0.9950098867981398
0.9957098215613646
0.9944654930934096
0.9985873311435105
0.9961764447368477
0.9971874616170612
0.9974207732048027
0.9953987394443758
0.9958653626198589
0.9964875268538365
0.9963319857953421
0.9964097563245893
0.9957098215613646
0.9957098215613646
0.9961764447368477
0.9973430026755555
0.9972652321463084
0.9964097563245893
0.9953987394443758
0.9995205774944768
0.9953209689151287
0.9957875920906117
0.9971096910878139
0.9960986742076005
0.9962542152660949
0.9949321162688927
0.9985095606142633
0.9953987394443758
0.9966430679123308
0.9964097563245893
0.9957875920906117
0.994621034151904
0.9952431983858815
0.9960986742076005
0.9978873963802858
0.9957098215613646
0.9984317900850161
0.9957875920906117
0.9950876573273871
0.9953209689151287
0.9962542152660949
0.9958653626198589
0.9974985437340499
0.9968763795000724
0.9962542152660949
0.9955542805028702
0.9963319857953421
0.9970319205585667
0.9977318553217914
0.9958653626198589
0.9974985437340499
0.9965652973830836
0.9953987394443758
0.9963319857953421
0.9981984784972745
0.9950098867981398
0.9959431331491061
0.9959431331491061
